----------------------------------------------------------------------------------------------------------------------------------------------------------------------
|										SEQUENCES									     |
----------------------------------------------------------------------------------------------------------------------------------------------------------------------

CTTCATCCCCTCTTTCA		TTCTATGGAATCTCTTTA		TTCTATGGAATCTTTTTA		GCCACTGAAAACCTCCCG		GCCACTCAAAACCTCCCG		
CTGTCTCGGGAGCTATTTG		GCCACTGAAAACATCCCG		CTTCTGTCCCCTCTTTCA		GCCACTAAAAACCTTCCG		CTTCACCCCCCTCTTTCA		
TTTTGTAGAAGTACATTAA		CTTCTCGAGGAGCTATTTG		CTTCTCGGGAGCTATTTG		GTTTCATCCCCTCTTTCA		TTTTGTAGAAGAACATTAA		
CTTTGTAGAGGTACATTAA		TTCTATGGAATTTTTTTA		TTTTGTAGAAGTTCATTAA		TCCTATGGAATCTTTTTA		ATTTGTAGAAGTACATTAA		
----------------------------------------------------------------------------------------------------------------------------------------------------------------------
|									DISTANCE D'EDITION									     |
----------------------------------------------------------------------------------------------------------------------------------------------------------------------
S[  0 ]  |	[8.5]	[12.5]	[15.5]	[15.5]	[16.5]	[16.5]	[16.5]	[19.5]	[21.5]	[22.5]	[23.0]	[23.5]	[24.0]	[24.0]	[24.0]	[24.5]	[25.0]	[26.0]	[26.0]	

S[  1 ]  |	[1.0]	[2.0]	[2.0]	[9.5]	[11.5]	[12.0]	[12.5]	[13.5]	[13.5]	[16.0]	[16.0]	[16.5]	[17.0]	[17.0]	[18.0]	[20.0]	[20.0]	[20.5]	[20.5]	

S[  2 ]  |	[1.0]	[1.0]	[1.0]	[10.5]	[12.0]	[12.5]	[13.5]	[14.5]	[14.5]	[15.0]	[15.0]	[15.5]	[16.0]	[16.0]	[17.0]	[19.0]	[19.0]	[19.5]	[19.5]	

S[  3 ]  |	[2.0]	[2.0]	[2.0]	[14.0]	[15.0]	[16.0]	[16.0]	[17.0]	[19.5]	[20.0]	[20.5]	[20.5]	[21.5]	[21.5]	[22.5]	[22.5]	[23.0]	[23.0]	[23.5]	

S[  4 ]  |	[2.0]	[3.0]	[4.0]	[16.0]	[17.0]	[18.0]	[18.0]	[19.0]	[19.0]	[19.5]	[21.0]	[21.5]	[21.5]	[21.5]	[21.5]	[22.0]	[22.5]	[23.5]	[23.5]	

S[  5 ]  |	[8.0]	[16.0]	[17.0]	[17.0]	[18.0]	[19.0]	[19.5]	[19.5]	[19.5]	[19.5]	[20.5]	[20.5]	[21.5]	[21.5]	[22.5]	[23.5]	[23.5]	[23.5]	[24.0]	

S[  6 ]  |	[2.0]	[4.0]	[4.0]	[15.0]	[16.0]	[17.0]	[17.0]	[18.0]	[18.5]	[19.5]	[20.5]	[20.5]	[21.5]	[21.5]	[22.0]	[23.5]	[24.5]	[25.0]	[25.0]	

S[  7 ]  |	[5.0]	[5.0]	[12.5]	[18.0]	[18.0]	[19.0]	[20.0]	[20.0]	[20.5]	[22.0]	[22.0]	[22.5]	[22.5]	[23.0]	[23.5]	[23.5]	[24.5]	[25.0]	[25.5]	

S[  8 ]  |	[2.0]	[3.0]	[4.0]	[14.0]	[15.0]	[16.0]	[16.0]	[17.0]	[19.0]	[19.5]	[19.5]	[20.5]	[20.5]	[21.5]	[21.5]	[21.5]	[22.0]	[22.0]	[22.5]	

S[  9 ]  |	[5.0]	[8.0]	[8.5]	[15.0]	[16.0]	[17.0]	[17.0]	[18.0]	[20.5]	[20.5]	[20.5]	[21.0]	[21.5]	[22.0]	[22.5]	[22.5]	[23.0]	[23.5]	[25.0]	

S[ 10 ]  |	[2.0]	[2.0]	[2.0]	[2.0]	[11.5]	[11.5]	[12.5]	[13.5]	[16.5]	[18.0]	[18.0]	[19.5]	[20.5]	[21.5]	[21.5]	[22.5]	[23.5]	[23.5]	[25.0]	

S[ 11 ]  |	[8.0]	[13.5]	[16.0]	[17.0]	[17.0]	[18.0]	[19.0]	[19.5]	[19.5]	[19.5]	[20.5]	[20.5]	[20.5]	[20.5]	[20.5]	[21.5]	[21.5]	[24.0]	[24.5]	

S[ 12 ]  |	[12.0]	[12.0]	[13.0]	[13.0]	[13.5]	[14.5]	[16.5]	[16.5]	[17.0]	[17.0]	[17.5]	[17.5]	[18.0]	[18.0]	[18.0]	[19.0]	[19.5]	[19.5]	[22.0]	

S[ 13 ]  |	[5.0]	[8.0]	[15.5]	[18.0]	[19.0]	[19.0]	[19.0]	[20.0]	[20.0]	[20.0]	[22.0]	[22.0]	[22.5]	[22.5]	[23.5]	[23.5]	[23.5]	[24.5]	[25.5]	

S[ 14 ]  |	[2.0]	[4.0]	[4.0]	[4.0]	[12.5]	[13.5]	[13.5]	[14.5]	[17.0]	[17.0]	[17.5]	[20.5]	[21.5]	[22.5]	[23.5]	[23.5]	[25.5]	[25.5]	[26.0]	

S[ 15 ]  |	[2.0]	[3.0]	[4.0]	[4.0]	[13.5]	[13.5]	[14.5]	[15.5]	[16.0]	[16.0]	[16.5]	[20.5]	[20.5]	[21.5]	[22.5]	[22.5]	[23.5]	[23.5]	[24.0]	

S[ 16 ]  |	[1.0]	[2.0]	[2.0]	[9.5]	[11.5]	[13.0]	[13.5]	[13.5]	[13.5]	[15.0]	[16.0]	[16.0]	[16.5]	[17.0]	[18.0]	[18.0]	[18.0]	[19.5]	[19.5]	

S[ 17 ]  |	[2.0]	[4.0]	[4.0]	[4.0]	[9.5]	[9.5]	[10.5]	[11.5]	[14.5]	[17.0]	[17.0]	[19.5]	[20.5]	[20.5]	[21.5]	[21.5]	[22.5]	[22.5]	[23.0]	

S[ 18 ]  |	[1.0]	[2.0]	[2.0]	[11.5]	[13.0]	[13.5]	[14.0]	[14.0]	[14.5]	[15.0]	[15.5]	[15.5]	[16.0]	[16.5]	[17.0]	[20.0]	[20.0]	[20.5]	[20.5]	

S[ 19 ]  |	[2.0]	[3.0]	[4.0]	[4.0]	[13.5]	[13.5]	[14.5]	[15.5]	[17.5]	[18.5]	[19.0]	[19.0]	[19.5]	[20.5]	[21.5]	[22.5]	[22.5]	[24.5]	[26.0]	

----------------------------------------------------------------------------------------------------------------------------------------------------------------------
-----------------------------------------------
|        MEMBERS FAMILY       |     LENTGH    |
-----------------------------------------------
|       TTCTATGGAATCTTTTTA    |       18      |
|       TCCTATGGAATCTTTTTA    |       18      |
|       TTCTATGGAATTTTTTTA    |       18      |
|       TTCTATGGAATCTCTTTA    |       18      |
-----------------------------------------------
|     SEQUENCES CONSENSUS     |     LENTGH    |
-----------------------------------------------
|       TTCTATGGAATCTTTTTA    |       18      |
-----------------------------------------------
| Members                              4      |
| Distance d edition minimale        1.0      |
-----------------------------------------------

-----------------------------------------------------------

-----------------------------------------------
|        MEMBERS FAMILY       |     LENTGH    |
-----------------------------------------------
|       GCCACTGAAAACCTCCCG    |       18      |
|       GCCACTAAAAACCTTCCG    |       18      |
|       GCCACTGAAAACATCCCG    |       18      |
|       GCCACTCAAAACCTCCCG    |       18      |
-----------------------------------------------
|     SEQUENCES CONSENSUS     |     LENTGH    |
-----------------------------------------------
|       GCCACTGAAAACCTCCCG    |       18      |
-----------------------------------------------
| Members                              4      |
| Distance d edition minimale        2.0      |
-----------------------------------------------

-----------------------------------------------------------

-----------------------------------------------
|        MEMBERS FAMILY       |     LENTGH    |
-----------------------------------------------
|       CTTCTGTCCCCTCTTTCA    |       18      |
|       GTTTCATCCCCTCTTTCA    |       18      |
|       CTTCACCCCCCTCTTTCA    |       18      |
-----------------------------------------------
|     SEQUENCES CONSENSUS     |     LENTGH    |
-----------------------------------------------
|       CTTC..TCCCCTCTTTCA    |       18      |
-----------------------------------------------
| Members                              3      |
| Distance d edition minimale        5.0      |
-----------------------------------------------

-----------------------------------------------------------

-----------------------------------------------
|        MEMBERS FAMILY       |     LENTGH    |
-----------------------------------------------
|       TTTTGTAGAAGTACATTAA    |       19      |
|       ATTTGTAGAAGTACATTAA    |       19      |
|       TTTTGTAGAAGTTCATTAA    |       19      |
|       CTTTGTAGAGGTACATTAA    |       19      |
|       TTTTGTAGAAGAACATTAA    |       19      |
-----------------------------------------------
|     SEQUENCES CONSENSUS     |     LENTGH    |
-----------------------------------------------
|       TTTTGTAGAAGTACATTAA    |       19      |
-----------------------------------------------
| Members                              5      |
| Distance d edition minimale        2.0      |
-----------------------------------------------

-----------------------------------------------------------

